# E3 summary: viscosity & Gardner-IC tests, T=2
==================================================================================================================================

-- R1_sech2_nu0 --
     t    vmax    umax  m_glob   m_in   m_out       R      R2  R_glob  np  x_peak
 0.000   1.498   1.122   0.000  0.000   0.000   1.000   1.000   1.000   1  -5.039
 0.010   1.487   1.134   0.147  0.145   0.024   0.994   0.925   0.994   1  -4.805
 0.025   1.455   1.134   0.325  0.315   0.081   0.971   0.706   0.971   1  -4.570
 0.050   1.402   1.107   0.521  0.485   0.189   0.931   0.428   0.930   2  -4.336
 0.075   1.355   1.057   0.644  0.569   0.301   0.901   0.234   0.904   3  -4.102
 0.100   1.312   1.001   0.734  0.610   0.408   0.879   0.161   0.894   4  -3.867
 0.125   1.268   0.946   0.810  0.631   0.508   0.866   0.106   0.896   5  -3.633
 0.150   1.228   0.892   0.879  0.674   0.565   0.848   0.227   0.908   6  -3.516
 0.200   1.151   1.014   1.006  0.719   0.704   0.817   0.233   0.948   8  -3.164
 0.250   1.089   1.198   1.122  0.753   0.831   0.783   0.206   0.997   9  -2.930
 0.300   1.032   1.345   1.226  0.806   0.924   0.727   0.200   1.048  10  -2.695
 0.400   0.941   1.571   1.411  0.874   1.108   0.591   0.135   1.150  13  -2.227
 0.500   0.893   1.816   1.565  0.896   1.284   0.460   0.077   1.248  13  -1.992
 0.625   0.783   2.108   1.745  0.969   1.451   0.163  -0.010   1.169  13  -1.172
 0.750   0.768   2.736   1.919  0.991   1.644  -0.064  -0.092   1.136  12  -1.875
 0.875   0.712   3.475   2.136  1.058   1.856  -0.380  -0.182   0.853  13  -1.875
 1.000   0.772   4.435   2.443  1.093   2.185  -0.621  -0.152   0.646  11  -0.352
 1.250   0.726   4.757   2.574  1.397   2.162  -0.982  -0.070   0.086  11   0.352
 1.500   0.806   4.293   2.530  2.101   1.409  -0.433  -0.013   0.619   9   0.703
 1.750   0.715   4.538   2.927  1.225   2.659  -1.339  -0.740   1.212  11   0.352
 2.000   0.725   4.114   2.911  1.271   2.619  -1.704  -0.394   0.118  11   1.992

-- R2_sech2_nu5e-2 --
     t    vmax    umax  m_glob   m_in   m_out       R      R2  R_glob  np  x_peak
 0.000   1.498   1.122   0.000  0.000   0.000   1.000   1.000   1.000   1  -5.039
 0.010   1.487   1.131   0.146  0.144   0.024   0.993   0.926   0.993   1  -4.805
 0.025   1.455   1.129   0.322  0.312   0.081   0.969   0.708   0.970   1  -4.570
 0.050   1.402   1.096   0.513  0.478   0.188   0.930   0.432   0.929   2  -4.336
 0.075   1.354   1.041   0.633  0.558   0.299   0.900   0.239   0.904   3  -4.102
 0.100   1.310   0.982   0.721  0.596   0.405   0.880   0.168   0.894   4  -3.867
 0.125   1.266   0.922   0.795  0.615   0.504   0.868   0.115   0.898   5  -3.633
 0.150   1.226   0.865   0.863  0.656   0.560   0.852   0.240   0.911   6  -3.516
 0.200   1.149   1.001   0.988  0.700   0.697   0.824   0.247   0.952   8  -3.164
 0.250   1.087   1.169   1.102  0.733   0.822   0.792   0.220   1.002   9  -2.930
 0.300   1.030   1.319   1.204  0.786   0.913   0.739   0.214   1.053  10  -2.695
 0.400   0.939   1.532   1.381  0.850   1.089   0.612   0.148   1.155  13  -2.227
 0.500   0.890   1.735   1.524  0.871   1.251   0.487   0.088   1.247  13  -1.992
 0.625   0.779   1.864   1.674  0.940   1.385   0.203  -0.002   1.173  13  -1.172
 0.750   0.768   2.101   1.787  0.961   1.507  -0.020  -0.085   1.160  12  -1.875
 0.875   0.712   2.082   1.873  1.021   1.571  -0.323  -0.175   0.937  13  -1.875
 1.000   0.768   2.361   1.990  1.043   1.695  -0.535  -0.156   0.884  11  -0.352
 1.250   0.723   2.262   2.019  1.074   1.709  -0.903  -0.309   0.394  11   0.352
 1.500   0.804   2.691   2.184  1.045   1.918  -1.039  -0.344   0.278   9   0.703
 1.750   0.707   1.815   2.196  1.053   1.928  -1.151  -0.774   1.112  10   0.352
 2.000   0.747   2.158   2.126  1.065   1.840  -1.330  -0.682   0.271  11   2.109

-- R3_gardner_nu0 --
     t    vmax    umax  m_glob   m_in   m_out       R      R2  R_glob  np  x_peak
 0.000   1.496   1.118   0.000  0.000   0.000   1.000   1.000   1.000   1  -5.039
 0.010   1.455   1.164   0.279  0.273   0.058   0.979   0.727   0.980   1  -4.805
 0.025   1.388   1.175   0.524  0.500   0.158   0.931   0.379   0.931   2  -4.570
 0.050   1.300   1.148   0.729  0.660   0.310   0.863   0.067   0.871   4  -4.336
 0.075   1.234   1.100   0.839  0.715   0.439   0.816  -0.035   0.844   6  -4.102
 0.100   1.172   1.049   0.914  0.758   0.511   0.773   0.060   0.841   7  -3.867
 0.125   1.124   1.013   0.973  0.791   0.566   0.731   0.105   0.852   9  -3.750
 0.150   1.074   0.987   1.024  0.789   0.653   0.706   0.064   0.872  10  -3.633
 0.200   1.004   1.042   1.110  0.821   0.747   0.634   0.097   0.926  12  -3.398
 0.250   0.934   1.140   1.184  0.832   0.843   0.557   0.079   0.988  15  -3.047
 0.300   0.897   1.213   1.245  0.829   0.929   0.496   0.066   1.056  16  -2.930
 0.400   0.774   1.343   1.364  0.868   1.053   0.276   0.017   1.151  15  -2.344
 0.500   0.782   1.519   1.453  0.852   1.177   0.131  -0.012   1.323  15  -2.109
 0.625   0.723   1.573   1.536  0.932   1.222  -0.295  -0.114   1.036  14  -2.461
 0.750   0.740   1.881   1.632  0.893   1.366  -0.400  -0.175   1.328  12  -1.992
 0.875   0.679   2.031   1.698  0.962   1.399  -0.741  -0.247   1.102  12  -2.109
 1.000   0.660   2.486   1.809  1.041   1.480  -1.219  -0.068   0.184  12  -2.344
 1.250   0.674   3.145   2.017  0.977   1.765  -1.361  -0.234   0.411  11  -1.875
 1.500   0.677   3.513   2.243  1.073   1.969  -1.841  -0.069  -0.659  11   0.469
 1.750   0.611   3.292   2.183  1.794   1.243  -1.129  -0.005   1.217  11   0.117
 2.000   0.612   3.080   2.204  1.771   1.312  -1.560  -0.015   1.415  12  -3.984

-- Phase-speed analysis R1 (locked phase t<=0.5) --
     t   x_peak    c_emp  v_peak   c_kdv  c_gardner
 0.000   -5.039   23.438   1.498   8.986     12.351
 0.010   -4.805   20.313   1.487   8.924     12.242
 0.025   -4.570   13.281   1.455   8.732     11.909
 0.050   -4.336    9.375   1.402   8.413     11.362
 0.075   -4.102    9.375   1.355   8.127     10.879
 0.100   -3.867    9.375   1.312   7.869     10.449
 0.125   -3.633    7.031   1.268   7.608     10.020
 0.150   -3.516    5.469   1.228   7.365      9.626
 0.200   -3.164    5.859   1.151   6.909      8.898
 0.250   -2.930    4.688   1.089   6.537      8.317
 0.300   -2.695    4.688   1.032   6.194      7.793
 0.400   -2.227    3.516   0.941   5.648      6.978
 0.500   -1.992    2.344   0.893   5.359      6.555
