# E2 summary: amplitude sweep + Nx=512 convergence
==============================================================================================================
IC                     t    vmax    umax  m_glob   m_in   m_out       R      R2  np  x_peak
--------------------------------------------------------------------------------------------------------------
A0.4                0.00   0.399   0.080   0.000  0.000   0.000   1.000   1.000   1  -5.039
A0.4                0.03   0.391   0.095   0.041  0.039   0.013   0.978   0.488   1  -4.805
A0.4                0.05   0.378   0.108   0.074  0.067   0.030   0.940   0.266   2  -4.688
A0.4                0.07   0.367   0.114   0.099  0.087   0.048   0.901   0.163   2  -4.570
A0.4                0.10   0.358   0.119   0.119  0.101   0.064   0.862   0.110   3  -4.453
A0.4                0.15   0.342   0.124   0.151  0.120   0.093   0.783   0.060   4  -4.219
A0.4                0.20   0.329   0.125   0.176  0.129   0.119   0.717   0.025   5  -4.102
A0.4                0.30   0.308   0.151   0.211  0.140   0.157   0.592   0.008   6  -3.867
A0.4                0.50   0.279   0.183   0.257  0.162   0.199   0.303   0.008  10  -3.516
A0.4                0.75   0.244   0.210   0.294  0.171   0.239  -0.032  -0.032   9  -3.164
A0.4                1.00   0.245   0.231   0.319  0.171   0.270  -0.239  -0.078   9  -2.695
A0.4                1.50   0.220   0.262   0.360  0.178   0.313  -0.775  -0.170   9  -2.578
A0.4                2.00   0.206   0.282   0.384  0.192   0.333  -1.368  -0.445   8  -1.758
A0.4                2.50   0.213   0.276   0.414  0.220   0.351  -2.436  -0.518   7  -2.227
A0.4                3.00   0.203   0.205   0.400  0.259   0.305  -4.464  -0.196   6  -0.352
A0.4                3.50   0.209   0.326   0.448  0.209   0.397  -3.028  -1.051   6  -1.875
A0.4                4.00   0.190   0.198   0.399  0.243   0.317  -4.599  -0.228   6   0.234
A0.4                4.50   0.186   0.238   0.459  0.264   0.375  -5.950  -0.132   8  -2.344
A0.4                5.00   0.154   0.375   0.496  0.275   0.413  -6.544  -0.620   9  -2.109
--------------------------------------------------------------------------------------------------------------
A0.6                0.00   0.599   0.179   0.000  0.000   0.000   1.000   1.000   1  -5.039
A0.6                0.03   0.584   0.198   0.068  0.065   0.021   0.983   0.635   1  -4.805
A0.6                0.05   0.566   0.211   0.119  0.108   0.050   0.956   0.376   2  -4.570
A0.6                0.07   0.549   0.216   0.157  0.135   0.079   0.931   0.245   2  -4.453
A0.6                0.10   0.534   0.217   0.187  0.154   0.107   0.908   0.171   3  -4.336
A0.6                0.15   0.508   0.214   0.235  0.178   0.153   0.860   0.131   4  -4.102
A0.6                0.20   0.487   0.212   0.272  0.186   0.198   0.831   0.071   5  -3.984
A0.6                0.30   0.451   0.268   0.328  0.207   0.254   0.755   0.103   7  -3.633
A0.6                0.50   0.401   0.335   0.408  0.240   0.330   0.579   0.064  11  -3.281
A0.6                0.75   0.360   0.394   0.477  0.256   0.402   0.344  -0.018   9  -2.461
A0.6                1.00   0.349   0.418   0.526  0.269   0.452   0.110  -0.086  10  -2.578
A0.6                1.50   0.300   0.456   0.600  0.315   0.510  -0.665  -0.270   9  -2.461
A0.6                2.00   0.289   0.574   0.664  0.323   0.580  -0.970  -0.524   8  -1.523
A0.6                2.50   0.297   0.550   0.695  0.371   0.588  -2.449  -0.490   8  -1.992
A0.6                3.00   0.313   0.475   0.656  0.386   0.531  -2.955  -0.520   7   0.000
A0.6                3.50   0.296   0.747   0.787  0.371   0.694  -2.756  -0.743   8  -1.641
A0.6                4.00   0.292   0.860   0.750  0.369   0.654  -3.003  -0.190   8   0.703
A0.6                4.50   0.291   0.694   0.758  0.392   0.649  -3.658  -0.741   8   1.641
A0.6                5.00   0.249   0.814   0.837  0.446   0.708  -5.124  -0.169   8   3.281
--------------------------------------------------------------------------------------------------------------
A0.9                0.00   0.899   0.404   0.000  0.000   0.000   1.000   1.000   1  -5.039
A0.9                0.03   0.875   0.426   0.124  0.118   0.037   0.983   0.716   1  -4.688
A0.9                0.05   0.845   0.431   0.209  0.190   0.087   0.959   0.455   2  -4.453
A0.9                0.07   0.819   0.428   0.270  0.233   0.135   0.936   0.343   3  -4.336
A0.9                0.10   0.794   0.419   0.317  0.258   0.185   0.919   0.251   3  -4.219
A0.9                0.15   0.752   0.395   0.392  0.286   0.269   0.892   0.198   5  -3.867
A0.9                0.20   0.716   0.401   0.453  0.293   0.346   0.881   0.139   6  -3.750
A0.9                0.30   0.657   0.514   0.553  0.346   0.432   0.818   0.209   8  -3.281
A0.9                0.50   0.565   0.657   0.703  0.399   0.579   0.666   0.121  12  -2.695
A0.9                0.75   0.528   0.792   0.833  0.436   0.710   0.430   0.003  10  -2.109
A0.9                1.00   0.468   0.822   0.918  0.514   0.761  -0.143  -0.165  10  -2.344
A0.9                1.50   0.397   0.940   1.036  0.597   0.847  -1.240  -0.270  10  -2.344
A0.9                2.00   0.389   1.414   1.195  0.585   1.042  -1.564  -0.598   9  -1.172
A0.9                2.50   0.426   1.771   1.256  0.619   1.093  -2.177  -0.230   7  -1.758
A0.9                3.00   0.467   2.245   1.432  0.597   1.302  -2.018  -1.214   8   0.469
A0.9                3.50   0.431   2.534   1.598  0.629   1.469  -2.597  -0.370   8  -1.172
A0.9                4.00   0.443   2.309   1.658  0.621   1.537  -2.093  -0.262  10   1.406
A0.9                4.50   0.449   2.174   1.507  1.071   1.060  -1.121  -0.048   9   2.461
A0.9                5.00   0.462   2.124   1.632  0.701   1.474  -3.270   0.103   9   4.102
--------------------------------------------------------------------------------------------------------------
A1.2                0.00   1.198   0.718   0.000  0.000   0.000   1.000   1.000   1  -5.039
A1.2                0.03   1.164   0.738   0.206  0.198   0.057   0.978   0.728   1  -4.688
A1.2                0.05   1.122   0.731   0.338  0.312   0.130   0.948   0.486   2  -4.453
A1.2                0.07   1.086   0.710   0.427  0.375   0.205   0.922   0.361   3  -4.219
A1.2                0.10   1.053   0.682   0.495  0.405   0.284   0.906   0.221   4  -3.984
A1.2                0.15   0.991   0.622   0.602  0.432   0.420   0.886   0.157   5  -3.750
A1.2                0.20   0.938   0.668   0.694  0.481   0.500   0.859   0.249   7  -3.398
A1.2                0.30   0.852   0.868   0.849  0.536   0.659   0.800   0.225  10  -3.047
A1.2                0.50   0.737   1.148   1.085  0.620   0.890   0.594   0.113  12  -2.227
A1.2                0.75   0.661   1.418   1.289  0.695   1.086   0.228  -0.046  11  -1.992
A1.2                1.00   0.593   1.774   1.448  0.783   1.218  -0.451  -0.157  12  -0.703
A1.2                1.50   0.595   3.332   1.880  0.844   1.680  -1.326  -0.274   9   0.352
A1.2                2.00   0.513   3.513   2.062  0.884   1.862  -1.744  -0.448  10   1.641
A1.2                2.50   0.565   3.253   1.919  1.581   1.089  -0.465  -0.049   9  -1.406
A1.2                3.00   0.617   3.538   2.484  0.908   2.312  -1.788  -2.227   9   0.938
A1.2                3.50   0.523   4.983   2.769  1.041   2.565  -2.717  -0.221  10  -0.586
A1.2                4.00   0.610   4.045   2.722  2.116   1.711  -0.866  -0.005  10  -3.047
A1.2                4.50   0.608   4.142   3.039  0.963   2.882  -1.793  -1.468  10   3.164
A1.2                5.00   0.703   4.062   3.051  1.182   2.812  -2.665  -0.478   9   4.922
--------------------------------------------------------------------------------------------------------------
A1.5                0.00   1.498   1.122   0.000  0.000   0.000   1.000   1.000   1  -5.039
A1.5                0.03   1.455   1.134   0.325  0.315   0.081   0.971   0.706   1  -4.570
A1.5                0.05   1.402   1.107   0.521  0.485   0.189   0.931   0.428   2  -4.336
A1.5                0.07   1.355   1.057   0.644  0.569   0.301   0.901   0.234   3  -4.102
A1.5                0.10   1.312   1.001   0.734  0.610   0.408   0.879   0.161   4  -3.867
A1.5                0.15   1.228   0.892   0.879  0.674   0.565   0.848   0.227   6  -3.516
A1.5                0.20   1.151   1.014   1.006  0.719   0.704   0.817   0.233   8  -3.164
A1.5                0.30   1.032   1.345   1.226  0.806   0.924   0.727   0.200  10  -2.695
A1.5                0.50   0.893   1.816   1.565  0.896   1.284   0.460   0.077  13  -1.992
A1.5                0.75   0.768   2.736   1.919  0.991   1.644  -0.064  -0.092  12  -1.875
A1.5                1.00   0.772   4.435   2.443  1.093   2.185  -0.621  -0.152  11  -0.352
A1.5                1.50   0.806   4.293   2.530  2.101   1.409  -0.433  -0.013   9   0.703
A1.5                2.00   0.725   4.114   2.911  1.271   2.619  -1.704  -0.394  11   1.992
A1.5                2.50   0.744   3.013   2.977  1.308   2.674  -1.581  -0.738  11   7.617
A1.5                3.00   0.829   5.334   3.543  1.705   3.106  -0.876  -0.011  10   1.289
A1.5                3.50   0.711   5.358   4.002  1.791   3.579  -1.641  -0.304  12  10.078
A1.5                4.00   0.837   7.752   5.048  1.805   4.714  -1.711  -0.031  11   2.812
A1.5                4.50   0.796   6.485   4.930  1.588   4.668  -1.869   0.051   9   3.984
A1.5                5.00   0.817   6.734   4.776  2.285   4.194  -1.721  -0.082  10 -12.539
--------------------------------------------------------------------------------------------------------------
A2.0                0.00   1.997   1.994   0.000  0.000   0.000   1.000   1.000   1  -5.039
A2.0                0.03   1.943   1.981   0.632  0.618   0.134   0.953   0.656   1  -4.453
A2.0                0.05   1.882   1.887   0.979  0.929   0.311   0.890   0.259   3  -4.102
A2.0                0.07   1.814   1.761   1.174  1.067   0.488   0.845   0.089   4  -3.867
A2.0                0.10   1.745   1.643   1.307  1.117   0.679   0.819  -0.017   5  -3.633
A2.0                0.15   1.613   1.540   1.523  1.233   0.893   0.768   0.146   7  -3.164
A2.0                0.20   1.492   1.904   1.720  1.320   1.102   0.708   0.171  10  -2.812
A2.0                0.30   1.301   2.595   2.077  1.403   1.531   0.561   0.109  14  -2.227
A2.0                0.50   1.087   4.622   2.826  1.532   2.374   0.154   0.005  15  -1.758
A2.0                0.75   1.014   6.391   3.641  2.372   2.762  -0.387  -0.006  14  -0.234
A2.0                1.00   1.055   6.519   4.022  3.251   2.368  -0.752   0.011  13   0.000
A2.0                1.50   1.205   8.519   5.248  1.837   4.916  -1.028  -0.332  12   1.172
A2.0                2.00   0.966   9.523   5.931  2.695   5.284  -1.697   0.028  12  -3.164
A2.0                2.50   1.098  11.922   7.208  2.667   6.696  -1.770  -0.181  10   8.320
A2.0                3.00   0.920  11.509   7.426  2.903   6.835  -1.656  -0.075  12   2.695
A2.0                3.50   1.311  13.403   8.715  4.513   7.455  -1.278  -0.008  14  11.250
A2.0                4.00   1.330  14.279   9.603  4.057   8.704  -1.955  -0.022  15   3.867
A2.0                4.50   1.260  10.653   8.420  3.417   7.696  -1.269   0.038  16   1.406
A2.0                5.00   1.353  16.320   9.712  3.496   9.061  -1.886   0.042  17   7.148
--------------------------------------------------------------------------------------------------------------
A1.5_Nx512          0.00   1.499   1.124   0.000  0.000   0.000   1.000   1.000   1  -4.980
A1.5_Nx512          0.03     nan     nan     nan    nan     nan     nan     nan   0 -15.000
